1 7.657996320631355e-06 2.4763001420069486e-05 1.5099998563528061e-05
2 6.998998287599534e-06 3.706200368469581e-05 3.81540012313053e-05
4 4.6125998778734356e-05 6.139100150903687e-05 3.8434998714365065e-05
8 0.00013692600623471662 0.00016172599862329662 0.00015946699568303302
16 0.0008346469985553995 0.0010636279985192232 0.0009447420015931129
32 0.006189467996591702 0.008239107999543194 0.007511276002333034
64 0.05126474399730796 0.052983759000198916 0.05171625599905383
128 0.3747296479996294 0.3781334919985966 0.37594022899429547
256 2.9955093859971385 2.7093831579986727 2.6687519059996703
512 24.160692789002496 20.54811413000425 20.20625590700365
1024 226.98421091199998 143.8263260149979 141.51203840800008
2048 1919.2855468659982 1041.0754626760026 1012.0833501019952
