0 5.622001481242478e-06 2.2747997718397528e-05 1.3784003385808319e-05
1 3.583001671358943e-06 3.6938996345270425e-05 5.4587995691690594e-05
2 6.271002348512411e-06 1.6887002857401967e-05 1.5105004422366619e-05
3 1.1616000847425312e-05 5.364200478652492e-05 3.541899786796421e-05
4 2.037599915638566e-05 3.808600013144314e-05 3.7047000660095364e-05
5 3.282199759269133e-05 0.00014367500261869282 0.00014249100058805197
6 5.2261006203480065e-05 0.00014759499754291028 0.00014674599515274167
7 7.563899998785928e-05 0.000151443004142493 0.00015069999790284783
8 0.00010881500202231109 0.0001538720025564544 0.00015301199891837314
9 0.00014606700278818607 0.0008210379965021275 0.0008377819976885803
10 0.0002104599989252165 0.0008320679989992641 0.0008449309971183538
11 0.000246899995545391 0.0008300580011564307 0.0008233589978772216
12 0.0003648210040410049 0.0008453640039078891 0.0008353240045835264
13 0.00040474299748893827 0.0008898989981389605 0.0011852050010929815
14 0.0008387849957216531 0.0008974860029411502 0.001245054001628887
15 0.0008883720001904294 0.00086192500020843 0.0008558570043533109
16 0.0007379050002782606 0.0008589829958509654 0.0010184220009250566
17 0.0008686820001457818 0.0075176239988650195 0.007898661999206524
18 0.0010253439977532253 0.007357135997153819 0.0067943370013381355
19 0.0012012599981972016 0.00689067599887494 0.006728579006448854
20 0.0014776280004298314 0.006670426002528984 0.006703883002046496
21 0.001598820999788586 0.006707162996463012 0.006848331002402119
22 0.0018618559988681227 0.006704922998324037 0.006902686000103131
23 0.0021119599987287074 0.006785781995858997 0.006756760994903743
24 0.002386086998740211 0.006728744003339671 0.006751197994162794
25 0.002729349995206576 0.007097843998053577 0.006881688001158182
26 0.003052604995900765 0.0068054059956921265 0.0066286299988860264
27 0.003310970001621172 0.007476245998986997 0.00702691100013908
28 0.0037350330021581613 0.0068858559970976785 0.0068136749978293665
29 0.004256221000105143 0.0067645960007212125 0.0068651859983219765
30 0.004591634999087546 0.006812586005253252 0.0066983739961870015
31 0.004932836003717966 0.006798868998885155 0.0067603329953271896
32 0.005644850003591273 0.006786527002986986 0.0066791839999496005
33 0.005881975004740525 0.04961079199711094 0.049374246002116706
34 0.006636221005464904 0.05466901199542917 0.049495150000439025
35 0.007147758995415643 0.05132508400129154 0.04986429099517409
36 0.008142193000821862 0.050130890995205846 0.04922772999998415
37 0.008306514995638281 0.05026412699953653 0.04916393400344532
38 0.009351564993266948 0.04978728799324017 0.04917467599443626
39 0.010171549001825042 0.04947600400191732 0.049097117997007445
40 0.010779194002680015 0.04952198899991345 0.05093477899936261
41 0.011812737000582274 0.04999949799821479 0.04936155399627751
42 0.01234731499425834 0.05023029100266285 0.04934520699316636
43 0.013219956003013067 0.05374976400344167 0.05252848300006008
44 0.015125521000300068 0.05293400699883932 0.051866484005586244
45 0.01574539500143146 0.052037330002349336 0.05354216499836184
46 0.01714065100532025 0.052502906997688115 0.052021277995663695
47 0.018008819002716336 0.05231643900333438 0.05174863999855006
48 0.019308346993057057 0.052579964001779445 0.05269032600335777
49 0.022190989002410788 0.05292748899955768 0.05357225299667334
50 0.022034399000403937 0.051887922003515996 0.05323981300170999
51 0.023672886003623717 0.05316408799990313 0.051918959004979115
52 0.02476618700166 0.05191372499393765 0.05182219899870688
53 0.02645765299530467 0.05282740500115324 0.05238136700063478
54 0.027285048003250267 0.052473869000095874 0.05170777400053339
55 0.028948569000931457 0.05364089900103863 0.051795204999507405
56 0.03092610999738099 0.052240258002711926 0.05388036899967119
57 0.03204606600047555 0.053248357005941216 0.051629051005875226
58 0.033240719996683765 0.05300477999844588 0.053045207998366095
59 0.03585935700539267 0.053107430998352356 0.05292470599670196
60 0.037859272000787314 0.05222332300036214 0.05215307900652988
61 0.038715541995770764 0.0517867140006274 0.052352086997416336
62 0.04214123400015524 0.05269887099711923 0.05164809699635953
63 0.04402016800304409 0.05228293300024234 0.053400207005324773
64 0.04673562599782599 0.0529797629933455 0.05206940499920165
65 0.04648979500052519 0.36463434899633285 0.37220789000275545
66 0.04921943500085035 0.390465075004613 0.3897089159945608
67 0.054109702999994624 0.37319696199847385 0.37919757700001355
68 0.052430699004617054 0.3697626850043889 0.37944567700469634
69 0.05596056400099769 0.38417471399588976 0.3690685059991665
70 0.06300405799993314 0.38530196999636246 0.3877777829984552
71 0.05815742000413593 0.36766613500367384 0.3596445209986996
72 0.061386359004245605 0.3642986490012845 0.36419102999934694
73 0.06402939600229729 0.36010924500442343 0.3863685140022426
74 0.07028764299320756 0.3717446660011774 0.3660209220033721
75 0.07654922200163128 0.38238167699455516 0.3855104430040228
76 0.0732074970001122 0.3617340979981236 0.3962483759969473
77 0.08108164899749681 0.3804539129996556 0.38401905199862085
78 0.08355223200487671 0.3968190450032125 0.3898983760009287
79 0.1121510209995904 0.48861077000037767 0.5007397169974865
80 0.12502279200271005 0.4532323940002243 0.358073419003631
81 0.08616083599918056 0.35864840599970194 0.35806518900062656
82 0.09621278000122402 0.3798907049931586 0.4881122910010163
83 0.15687864200299373 0.3859960279951338 0.44855895199725637
84 0.09851824100041995 0.36284509699908085 0.36672604900377337
85 0.10032888100249693 0.3670782839981257 0.364875970997673
86 0.10722873300255742 0.42198452899901895 0.4092949729965767
87 0.1079189470037818 0.3692263080010889 0.37049258300248766
88 0.1186576550026075 0.40768706500239205 0.40489076299854787
89 0.12410938199900556 0.4248547259994666 0.5902067999995779
90 0.1570552960038185 0.4121159819987952 0.39322478599933675
91 0.1352807160001248 0.3918329259977327 0.3919019540044246
92 0.13978811199922347 0.5179469809954753 0.5364167689986061
93 0.16163319600309478 0.42634997599816415 0.5464290990057634
94 0.23651515399978962 0.5102517010018346 0.4077966289987671
95 0.15622636099578813 0.5053405319995363 0.4698544119964936
96 0.17938511399552226 0.4375271259996225 0.43980097000167007
97 0.18030692200409248 0.5832257729998673 0.5704022369973245
98 0.18893388599826721 0.4169493740046164 0.4008021599947824
99 0.17196307600534055 0.39927180700033205 0.49331454100320116
100 0.2247873179949238 0.47683503900043434 0.5351606230033212
101 0.2926102279961924 0.5925733990006847 0.5274738799998886
102 0.22041128799901344 0.41378014699876076 0.39626515700365417
103 0.24166481100110104 0.5509615129994927 0.44046263999916846
104 0.2194913510029437 0.4225061840043054 0.3899550209971494
105 0.20483015100035118 0.38791335599671584 0.3846305789993494
106 0.20866806899721269 0.38963722700282233 0.38883408000401687
107 0.2122482470003888 0.39026030500099296 0.3895720349973999
108 0.22901794999779668 0.3931762450010865 0.38843810600519646
109 0.22762604300078237 0.3913010559990653 0.38868436500342796
110 0.2433601969969459 0.3940770870030974 0.38850476600055117
111 0.24176822899607942 0.39033730100345565 0.387941264998517
112 0.24386519199470058 0.3924305429973174 0.3895105789997615
113 0.2548199829980149 0.3909988939994946 0.38821698700485285
114 0.2634555409968016 0.3938581719994545 0.39042829599929973
115 0.26639510100358166 0.3901847680026549 0.38895936199696735
116 0.28181405599752907 0.39001024499884807 0.3926160870032618
117 0.2847790569940116 0.3879420920056873 0.3978331220059772
118 0.29297793700243346 0.39095772699511144 0.3892776930006221
119 0.30537170299794525 0.4386158670022269 0.4285691830009455
120 0.33797292999952333 0.4181887349986937 0.41704993399616797
121 0.3305020659972797 0.4255161879991647 0.4156258959992556
122 0.3363512110008742 0.423185243998887 0.4408946030016523
123 0.3582571880033356 0.456198913998378 0.48840807400119957
124 0.3821969650016399 0.4039885729944217 0.4875790709993453
125 0.42188215899659554 0.4671746309977607 0.5521860609951545
126 0.4252145259961253 0.43605477399978554 0.44182828899647575
127 0.42422789199918043 0.47906562800199026 0.40865035000024363
128 0.3894932249968406 0.39756484200188424 0.3945107769977767
129 0.37718666900036624 2.9538151239976287 2.8416298640004243
130 0.3980350739948335 2.8510878029992455 2.8150427260043216
131 0.4040971560025355 2.8578241299983347 2.83656418400642
132 0.415932812000392 2.86422694799694 2.8710520649983664
133 0.4252958809956908 2.855515627998102 2.884940405994712
134 0.47810683700663503 3.097489929998119 2.912565179001831
135 0.4400332100049127 2.901652810003725 2.8049114890018245
136 0.44904269800463226 2.8304200819984544 2.7999144260029425
137 0.4489759409989347 2.8514762449995033 2.8519844330003252
138 0.4704187079987605 2.837085268001829 2.894335017997946
139 0.495844032993773 3.194782982005563 2.9772420470035286
140 0.5481687840001541 3.098809030998382 3.026563598999928
141 0.5904429989968776 3.3827042109987815 2.881910201998835
142 0.5479073169990443 2.892637481003476 3.47961002500233
143 1.0215296400056104 3.5722796350019053 2.952521134997369
144 0.5307121250007185 3.236508502996003 3.5411878759987303
145 0.5472590729987132 3.6630975040025078 3.4567847610014724
146 0.8275759309981368 3.5209009329992114 2.9848198059989954
147 0.5890178819972789 2.8652488570005517 2.8985664550054935
148 0.5882761139946524 3.23470650499803 3.2703149450026103
149 0.607506109001406 2.7982845139995334 2.7908660209941445
150 0.598343924000801 2.783903392002685 2.790857624997443
151 0.6040278199943714 2.802167397996527 2.7933568740045303
152 0.6367941470016376 2.834349148994079 2.772074706001149
153 0.6343719409996993 2.791302830002678 2.780319989004056
154 0.6539206929955981 2.801911171001848 2.775795346002269
155 0.6472363689972553 2.7964596379970317 2.938953719996789
156 0.7408024839969585 2.969954731001053 2.9604697809991194
157 0.805141717006336 2.7869384020013968 3.039623593002034
158 0.8571815800023614 3.3737468300023465 3.3722350890020607
159 1.1771916920042713 3.459811663000437 3.16820614199969
160 0.9676015000004554 3.5149396879933192 2.791954086002079
161 0.7659843400033424 2.8143322480027564 2.8255426780015114
162 0.8097293150058249 2.914715768005408 2.789442668996344
163 0.7773230679958942 2.811428529996192 3.0849338910047663
164 0.7914098909968743 3.0638033769937465 2.9622945959999925
165 0.8156107159957173 3.071250032997341 2.923692074997234
166 0.8517466690027504 2.9137082759989426 2.8841392929971335
167 0.8534640799989575 2.922544667002512 2.9456047600033344
168 0.89388686199527 2.9228802989964606 2.973420915994211
169 0.8849392459960654 2.936363220003841 2.8941871780043584
170 1.0616701430044486 3.0374809719942277 2.882092913001543
171 0.9112630910021835 2.9983707719948143 2.9049343290025718
172 0.9356294449971756 2.9221129959987593 3.1373449340026127
173 1.2221581370031345 3.0912942169961752 3.50731647000066
174 0.9533813099988038 3.237761547003174 3.999612375002471
175 1.0743645510010538 3.1253342330019223 3.0412855640024645
176 0.9976954400044633 2.8218839410037617 2.861316620001162
177 0.992197193998436 2.9447186999968835 2.9912135749982554
178 1.0046143360013957 2.862950107002689 2.7945942519945675
179 1.0234041160001652 3.450891562002653 3.407851930001925
180 1.052810650995525 2.954836527002044 3.1430163890036056
181 1.4295762149995426 3.5144042879983317 4.010753009002656
182 1.2561055080004735 3.8789467370006605 3.2607599969996954
183 1.1310206709968043 2.822634684998775 2.7790454950009007
184 1.1235366729961243 2.7884350220047054 2.7788809279954876
185 1.1204706650023581 2.78691451800114 2.935399989997677
186 1.4295908079948276 2.8619420120012364 3.1780610050045652
187 1.3461286409947206 3.470303859998239 3.1945590090035694
188 1.284010429000773 3.1435919200011995 2.9187649349987623
189 1.3174461790040368 2.810414840001613 3.0340387520045624
190 1.397459527994215 3.21805453900015 3.391448288006359
191 1.6601154230011161 4.199592166005459 3.330479619995458
192 1.449833184000454 3.0673050139957923 3.2893479659978766
193 1.2833496579987695 2.823366206001083 2.8065045949988416
194 1.3185590330031118 2.865251930998056 2.799566424000659
195 1.3322166159996414 2.83608072399511 2.7951241440023296
196 1.3726352479934576 2.8312328190004337 2.7999270119980793
197 1.376095711995731 2.8123428039980354 2.8116240539966384
198 1.3891271009997581 2.820455610002682 2.812882076999813
199 1.4068236379971495 2.8156053429993335 2.797727825003676
200 1.4536313140051789 2.829204492001736 2.8022587390005356
201 1.4633671859992319 2.827699401997961 2.8131891029988765
202 1.4869237120001344 2.8148489040031563 2.8474187500032713
203 1.4622130669959006 3.012487822001276 2.936042396002449
204 1.553232793994539 2.967903495999053 3.171183247999579
205 1.6396379169964348 2.8267959029981284 2.8144294840021757
206 1.5935969320053118 2.832563444993866 2.820555885999056
207 1.6194595810011378 2.8407635650000884 2.807143117002852
208 1.6218419349970645 2.8390641380028683 3.1980776629934553
209 1.8021813809973537 2.8026659460010706 2.7898530550010037
210 1.9543288070053677 3.6477965369995218 2.8179679560053046
211 1.63438442399638 2.7751567169980262 2.7631591180033865
212 1.655632563000836 2.7760270169965224 2.7584910489968024
213 1.68284905100154 2.7973447650001617 2.782161726994673
214 1.721813210999244 2.81094384300377 2.77230929700454
215 1.7472027559997514 2.7925381570021273 2.769305894995341
216 1.7767774280000594 2.7927318760048365 2.772250381000049
217 1.7990671890001977 2.7856280820051325 2.7672798999992665
218 1.8302330730002723 2.798013784995419 2.8230315589971724
219 1.8566361049961415 2.8051997360016685 2.7752600150051876
220 1.851909715005604 2.794324037997285 2.769531261001248
221 1.9448088850040222 2.7850176520005334 2.774778125996818
222 1.960198123997543 2.8032618899960653 2.7813521409989335
223 1.9422966009951779 2.8003079839982092 2.8100505050024367
224 1.9967586249986198 2.808188909999444 2.777257355999609
225 2.045209932999569 2.7909424060053425 2.783957684005145
226 2.0267533660007757 2.783505344996229 2.8111870559951058
227 2.1032154979984625 2.7849966670037247 2.7835464629970375
228 2.1624906249999185 2.7881795950015658 2.7610684169994784
229 2.1403695789995254 2.7949618990023737 2.877363861996855
230 2.144885247995262 2.818829513002129 2.7822054399948684
231 2.2141035509994254 2.78876035400026 2.775816274996032
232 2.2139046419979422 2.7829806129957433 2.76791069599858
233 2.2149366200028453 2.7856410719978157 2.7702222840016475
234 2.2560760370033677 2.8704380439958186 2.770961788999557
235 2.2790773329979856 2.802860216004774 2.774243927997304
236 2.3525721420010086 2.801992546003021 2.806982011999935
237 2.327374839995173 2.8019963490005466 2.782749388999946
238 2.3728098989959108 2.806631109000591 2.78440483599843
239 2.402314186001604 2.7974849739985075 2.7813744230006705
240 2.4818536339953425 2.7949857900021016 2.7732919940026477
241 2.478619882000203 2.804363757997635 2.7860427659979905
242 2.573043491000135 2.7981995119989733 2.775958311998693
243 2.537765159002447 2.7867384999990463 2.7872328920057043
244 2.5621706530000665 2.7789791700051865 2.7787732729993877
245 2.5838591220017406 2.792309716998716 2.7843682860038825
246 2.642042402003426 2.79236918999959 2.777892307996808
247 2.6675522409932455 2.795400586001051 2.7861987939977553
248 2.7202348450009595 2.8028719470021315 2.78008009900077
249 2.7067010770042543 3.1359984719965723 2.984921144998225
250 2.9155833250042633 2.8661000430001877 2.77028253699973
251 2.7987021309963893 2.777976043995295 2.7599804709971067
252 2.803173134001554 2.7867039299962926 2.768810041001416
253 2.8443882159990608 2.785399853994022 2.7535152320051566
254 2.935719221997715 2.7942996569981915 2.7661147539984086
255 2.968285076000029 2.8044002480019117 2.7713035170017974
256 3.1117011829992407 2.927049119003641 3.2866924480040325
257 3.2823462139931507 19.956402663003246 19.732902616997308
258 2.9933768100017915 19.900917728999048 19.920374877998256
259 3.1243239769974025 19.920283370003744 19.886325040002703
260 3.147400886999094 19.858913337004196 19.86453426299704
261 3.196167322996189 19.859771790004743 19.821944246003113
262 3.2630999280008837 19.934868273994653 19.86479710900312
263 3.2043689300044207 19.86932204200275 19.748518555999908
264 3.658005659999617 20.08096219199797 19.59392298400053
265 3.257462867994036 19.760334573002183 19.683633649001422
266 3.342209067006479 19.68477434500528 19.678194179003185
267 3.3868365079979412 19.646516177002923 19.61085766799806
268 3.434807464000187 19.695226343996183 19.658915052998054
269 3.4504096019954886 19.865471918004914 19.651261311999406
270 3.486988675002067 19.743488544001593 19.712275218997092
271 3.588005116995191 19.760612498997943 19.668011791000026
272 3.596752927005582 19.735347729998466 19.7517155309979
273 3.6222166549996473 19.70566651399713 19.74023000300076
274 3.644697993993759 19.663817442000436 19.628900641000655
275 4.606410776003031 19.62436845999764 19.544397612000466
276 3.824132934001682 19.63447343900043 19.555106448002334
277 3.7872203520018957 19.59581219300162 19.625969357999566
278 3.880746454000473 19.600437679000606 19.566222328998265
279 3.8882612230008817 19.677914077001333 19.678536414001428
280 3.9530671399988933 19.598502847002237 19.603195143994526
281 3.967594134999672 19.68995208099659 19.624147675996937
282 3.975458554996294 19.61409459100105 19.648762609998812
283 4.027755246999732 19.71496730900253 19.66358551599842
284 4.101894883002387 19.60380115800217 19.5659977250034
285 4.142473332001828 19.59164864700142 19.576660815997457
286 4.21275484799844 19.69516985899827 19.739943032996962
287 4.2351553100015735 19.65342992600199 19.587095381997642
288 4.268728725997789 19.622511222005414 19.610788240999682
289 4.330857155997364 19.64253983800154 19.60045320199424
290 4.415692877002584 19.633458525000606 19.537853460002225
291 4.461887124001805 19.66670488499949 19.577346584002953
292 4.4596117609980865 19.612370661001478 19.557319412997458
293 4.5379876350052655 19.691894848998345 19.685699393005052
294 4.464989403997606 19.611833078997734 19.543834862997755
295 4.47661036199861 19.67509768000309 19.644425678001426
296 4.6371273580007255 19.69194769299793 19.559636104000674
297 4.682360001999768 19.698066519995336 19.523092837996955
298 4.682853645004798 19.694363837996207 19.618100724001124
299 4.82613550699898 19.668777359998785 19.564102666998224
300 4.735461894000764 19.655846265995933 19.51843135999661
301 4.819007122001494 19.617366866004886 19.596796528996492
302 4.9300369289994705 19.851361059998453 19.82571751899377
303 5.022495864999655 19.664049208993674 19.731619629004854
304 5.028728131001117 19.718902995999088 19.65082514799724
305 5.148858257001848 19.71957489199849 19.68766260799748
306 5.172199961001752 19.747378534993913 19.615762376997736
307 5.2781927210016875 19.883150040004693 19.718994991002546
308 5.310938725000597 19.79165827199904 19.712202953996893
309 5.333554427998024 19.751020086005155 19.725079251998977
310 5.3661783339994145 19.702757633000147 19.632040324999252
311 5.408646087998932 19.70633844200347 19.644772560001
312 5.510044882001239 19.64992879000056 19.626326561003225
